,AG,AC,AT,GA,GC,GT,CA,CG,CT,TA,TG,TC
AG,1.0,0.7784895589643401,0.8656945936603498,0.20816830721734852,0.4058788105082666,0.41577962886238906,0.9196567066579169,0.8406793035225675,0.7701893097942873,0.6258025439776901,0.773094568339558,0.40761436501072656
AC,0.7784895589643401,1.0,0.8484565802992539,0.38866414172387354,0.7004333281340234,0.6257593220570012,0.7779413043874939,0.8524046429652967,0.7276110348629508,0.6560186466567086,0.6971422247516496,0.27094235384392246
AT,0.8656945936603498,0.8484565802992539,1.0,0.18855633905618574,0.5627879671631395,0.5774773616661368,0.846453248696251,0.7784978999802661,0.8105312014114433,0.6494748267254908,0.7240758762193414,0.22454232765214654
GA,0.20816830721734852,0.38866414172387354,0.18855633905618574,1.0,0.48938546212411216,0.4503815633731483,0.23416191197463115,0.3543033778805378,0.27178503617503896,0.43312946123221807,0.27871527629371795,0.48941913375233315
GC,0.4058788105082666,0.7004333281340234,0.5627879671631395,0.48938546212411216,1.0,0.8612865822819962,0.45006374222409073,0.6048643249893625,0.6619390996836378,0.5580425093427474,0.5952185308708833,0.4575275651817477
GT,0.41577962886238906,0.6257593220570012,0.5774773616661368,0.4503815633731483,0.8612865822819962,1.0,0.4582033800450587,0.5389975128698195,0.6994731821521678,0.6479466907962703,0.6175026983729358,0.4527078146456869
CA,0.9196567066579169,0.7779413043874939,0.846453248696251,0.23416191197463115,0.45006374222409073,0.4582033800450587,1.0,0.8577181928552353,0.8648261383073758,0.5316972836601501,0.7366130723325521,0.3725546346373457
CG,0.8406793035225675,0.8524046429652967,0.7784978999802661,0.3543033778805378,0.6048643249893625,0.5389975128698195,0.8577181928552353,1.0,0.8022530280068708,0.5556337782976724,0.7485724556178894,0.41033352295585246
CT,0.7701893097942873,0.7276110348629508,0.8105312014114433,0.27178503617503896,0.6619390996836378,0.6994731821521678,0.8648261383073758,0.8022530280068708,1.0,0.5369111270504838,0.7719944300438863,0.4404265390707289
TA,0.6258025439776901,0.6560186466567086,0.6494748267254908,0.43312946123221807,0.5580425093427474,0.6479466907962703,0.5316972836601501,0.5556337782976724,0.5369111270504838,1.0,0.7791693177433319,0.41753641305294625
TG,0.773094568339558,0.6971422247516496,0.7240758762193414,0.27871527629371795,0.5952185308708833,0.6175026983729358,0.7366130723325521,0.7485724556178894,0.7719944300438863,0.7791693177433319,0.9999999999999999,0.4670513392993145
TC,0.40761436501072656,0.27094235384392246,0.22454232765214654,0.48941913375233315,0.4575275651817477,0.4527078146456869,0.3725546346373457,0.41033352295585246,0.4404265390707289,0.41753641305294625,0.4670513392993145,1.0
