,AG,AC,AT,GA,GC,GT,CA,CG,CT,TA,TG,TC
AG,1.0,0.6491695929031207,0.7679737249317691,0.37860889045478063,0.7658152132568299,0.665742517367617,0.6326486465557779,0.7255397562385238,0.8282452773211013,0.575617150007685,0.6603716926249967,0.5154056451957869
AC,0.6491695929031207,1.0,0.6398190790992925,0.488728304305955,0.860652028590446,0.6695862979447007,0.7046472152815815,0.7504690402191384,0.6886715807102815,0.4702972535066673,0.4861893297365842,0.796880307547054
AT,0.7679737249317691,0.6398190790992925,1.0,0.11777918975966112,0.8307446463179509,0.8316798907090299,0.45217831527926644,0.5657416202559368,0.6620818982992975,0.40381915947246627,0.6707352789686896,0.5370634189271771
GA,0.37860889045478063,0.488728304305955,0.11777918975966112,1.0,0.23172395550054653,0.19773130730653152,0.7682072043195799,0.5818418808181136,0.3041301115832584,0.7109425195487771,0.4378827030193856,0.6281048756524166
GC,0.7658152132568299,0.860652028590446,0.8307446463179509,0.23172395550054653,1.0,0.8212972481688254,0.5172639057911883,0.590725011555427,0.8202392075126468,0.29586740339170114,0.4211051188813719,0.6370110288077411
GT,0.665742517367617,0.6695862979447007,0.8316798907090299,0.19773130730653152,0.8212972481688254,1.0,0.4440614917801077,0.4651859653716314,0.6390057809219261,0.39982087448456866,0.46494985209937156,0.5621012732099645
CA,0.6326486465557779,0.7046472152815815,0.45217831527926644,0.7682072043195799,0.5172639057911883,0.4440614917801077,1.0,0.7521018261438412,0.5046751208388588,0.742389153259216,0.6710140252069933,0.7927905330144129
CG,0.7255397562385238,0.7504690402191384,0.5657416202559368,0.5818418808181136,0.590725011555427,0.4651859653716314,0.7521018261438412,1.0,0.5036816507353339,0.7186229924702494,0.7566528831391397,0.6273172242212013
CT,0.8282452773211013,0.6886715807102815,0.6620818982992975,0.3041301115832584,0.8202392075126468,0.6390057809219261,0.5046751208388588,0.5036816507353339,1.0,0.34366137602223845,0.37561091617800996,0.5899807767009957
TA,0.575617150007685,0.4702972535066673,0.40381915947246627,0.7109425195487771,0.29586740339170114,0.39982087448456866,0.742389153259216,0.7186229924702494,0.34366137602223845,1.0,0.79007050336802,0.553766371664046
TG,0.6603716926249967,0.4861893297365842,0.6707352789686896,0.4378827030193856,0.4211051188813719,0.46494985209937156,0.6710140252069933,0.7566528831391397,0.37561091617800996,0.79007050336802,1.0,0.5459555703127258
TC,0.5154056451957869,0.796880307547054,0.5370634189271771,0.6281048756524166,0.6370110288077411,0.5621012732099645,0.7927905330144129,0.6273172242212013,0.5899807767009957,0.553766371664046,0.5459555703127258,1.0
