,AG,AC,AT,GA,GC,GT,CA,CG,CT,TA,TG,TC
AG,1.0,0.7268959274068212,0.6593222675096976,0.28740088393532137,0.5269666469168155,0.6341382898621529,0.19920637983074327,0.60372878487719,0.3781075726606233,0.31061288699225487,0.46899114100377254,0.21137276140324127
AC,0.7268959274068212,0.9999999999999999,0.8713512979541578,0.327346841730883,0.8137590973681987,0.8534575901402162,0.3614562357278471,0.6371267281509649,0.6622397901578363,0.3373348124891744,0.5219232569917632,0.49045322264216995
AT,0.6593222675096976,0.8713512979541578,0.9999999999999998,0.20086835353038768,0.699725486434404,0.8690558049028272,0.39131723861240686,0.5531740879385302,0.5914773124752342,0.33928428391052595,0.5826828845740619,0.3014610287083205
GA,0.28740088393532137,0.327346841730883,0.20086835353038768,1.0,0.4580345681962246,0.40935531143951126,0.3770274041753396,0.32675315694574614,0.13100043900260266,0.24823224056747947,0.08262146397487459,0.47302973393537306
GC,0.5269666469168155,0.8137590973681987,0.699725486434404,0.4580345681962246,1.0,0.8721409995798144,0.3655645100376114,0.35443774429295666,0.5846724759390598,0.39105918484440133,0.277137923852112,0.5866224132213256
GT,0.6341382898621529,0.8534575901402162,0.8690558049028272,0.40935531143951126,0.8721409995798144,1.0,0.41085215751578186,0.4917569692796192,0.5309206349147753,0.4284286565751925,0.44654091025148135,0.43279578423070864
CA,0.19920637983074327,0.3614562357278471,0.39131723861240686,0.3770274041753396,0.3655645100376114,0.41085215751578186,1.0,0.611390722222559,0.53297772303776,0.6961684953646898,0.655174318873947,0.6382633478572293
CG,0.60372878487719,0.6371267281509649,0.5531740879385302,0.32675315694574614,0.35443774429295666,0.4917569692796192,0.611390722222559,1.0,0.3546129046737035,0.5651855110761272,0.8225822479475077,0.45460961749731144
CT,0.3781075726606233,0.6622397901578363,0.5914773124752342,0.13100043900260266,0.5846724759390598,0.5309206349147753,0.53297772303776,0.3546129046737035,1.0,0.29214282407204417,0.3829427318840143,0.5861435918825125
TA,0.31061288699225487,0.3373348124891744,0.33928428391052595,0.24823224056747947,0.39105918484440133,0.4284286565751925,0.6961684953646898,0.5651855110761272,0.29214282407204417,1.0,0.7409294851269992,0.6381089019761979
TG,0.46899114100377254,0.5219232569917632,0.5826828845740619,0.08262146397487459,0.277137923852112,0.44654091025148135,0.655174318873947,0.8225822479475077,0.3829427318840143,0.7409294851269992,0.9999999999999999,0.4471872618537626
TC,0.21137276140324127,0.49045322264216995,0.3014610287083205,0.47302973393537306,0.5866224132213256,0.43279578423070864,0.6382633478572293,0.45460961749731144,0.5861435918825125,0.6381089019761979,0.4471872618537626,1.0
